2 0.432891 0.458930 0.219764 0.339663
2 0.266224 0.465590 0.181416 0.326343
2 0.178466 0.269118 0.191740 0.261962
2 0.354720 0.241368 0.160767 0.224222
2 0.520649 0.286878 0.171091 0.266402
2 0.703540 0.297978 0.197640 0.328563
2 0.595870 0.555501 0.224189 0.337443
2 0.805310 0.535520 0.197640 0.284163
2 0.733038 0.759742 0.256637 0.310803
2 0.792773 0.851011 0.255162 0.297978
2 0.548673 0.889861 0.250737 0.220277
2 0.460177 0.754192 0.235988 0.335223
2 0.219764 0.829921 0.244838 0.340158
2 0.146018 0.684262 0.176991 0.261962