1 0.202041 0.218367 0.236735 0.204082
1 0.362245 0.339796 0.267347 0.234694
1 0.501020 0.156122 0.251020 0.230612
1 0.690816 0.183673 0.238776 0.232653
1 0.898980 0.167347 0.202040 0.257143
1 0.660204 0.392857 0.255102 0.222449
1 0.870408 0.520408 0.259184 0.281633
1 0.868367 0.669388 0.222449 0.097959
1 0.654082 0.608163 0.246939 0.216327
1 0.494898 0.531633 0.222449 0.222449
1 0.369388 0.640816 0.248980 0.240816
1 0.500000 0.764286 0.265306 0.234694
1 0.839796 0.750000 0.267347 0.177551
1 0.779592 0.887755 0.253061 0.224490
1 0.539796 0.884694 0.246939 0.173469
1 0.191837 0.785714 0.253061 0.248980
1 0.075510 0.706122 0.146939 0.244898
1 0.132653 0.464286 0.253061 0.238776
1 0.243878 0.058163 0.246939 0.112245