0 0.231225 0.492973 0.193676 0.323232
0 0.409091 0.408652 0.185771 0.302152
0 0.609684 0.482433 0.203557 0.330259
0 0.282609 0.806214 0.217391 0.387571
0 0.474308 0.687967 0.181818 0.312692
0 0.698617 0.810935 0.116601 0.214317
0 0.821146 0.856610 0.124506 0.228371
0 0.927866 0.605402 0.136364 0.224857
0 0.882411 0.240009 0.112648 0.210804
0 0.142292 0.166227 0.094862 0.182697
0 0.319170 0.169741 0.112648 0.189723
0 0.042490 0.248792 0.081028 0.186210
0 0.067194 0.433245 0.102767 0.161616
0 0.831028 0.072574 0.124506 0.145147
0 0.958498 0.114734 0.083004 0.229468
0 0.783597 0.215415 0.092885 0.154589
0 0.201581 0.203118 0.079051 0.151076