0 0.392292 0.396245 0.160079 0.160079
0 0.565217 0.385375 0.177866 0.169960
0 0.176877 0.586957 0.140316 0.154150
0 0.227273 0.620553 0.146245 0.154150
0 0.284585 0.661067 0.173913 0.164032
0 0.305336 0.491107 0.156126 0.140316
0 0.195652 0.397233 0.007905 0.000000
0 0.474308 0.437747 0.169960 0.164032
0 0.680830 0.542490 0.167984 0.152174
0 0.795455 0.642292 0.167984 0.158103
0 0.627470 0.664032 0.164032 0.162055
0 0.438735 0.683794 0.181818 0.166008
0 0.371542 0.552372 0.166008 0.160079
0 0.518775 0.556324 0.156126 0.160079