0 0.290982 0.282278 0.128047 0.182278
0 0.211424 0.382278 0.136521 0.144304
0 0.420441 0.198734 0.132754 0.189873
0 0.359713 0.388608 0.146877 0.189873
0 0.491997 0.343038 0.144053 0.210127
0 0.570614 0.203797 0.137462 0.182278
0 0.643111 0.303165 0.133696 0.170886
0 0.617219 0.470253 0.153468 0.196203
0 0.760801 0.355063 0.124281 0.155696
0 0.769275 0.500633 0.148760 0.188608
0 0.693953 0.608861 0.143111 0.192405
0 0.564965 0.646203 0.146877 0.198734
0 0.415263 0.681646 0.154409 0.208861
0 0.277801 0.621519 0.141228 0.202532
0 0.225076 0.510759 0.143111 0.175949
0 0.424208 0.510759 0.140287 0.170886