0 0.198734 0.332278 0.123207 0.092405
0 0.167511 0.507595 0.131646 0.091139
0 0.329107 0.591772 0.119002 0.087342
0 0.440928 0.370253 0.121519 0.087342
0 0.421519 0.620253 0.109705 0.083544
2 0.439241 0.272152 0.145148 0.111392
2 0.837553 0.365190 0.118143 0.102532
2 0.501688 0.455063 0.128270 0.089873
2 0.621519 0.425316 0.138397 0.098734
2 0.434214 0.724793 0.138324 0.103448
1 0.318565 0.304430 0.129958 0.102532
1 0.577637 0.272152 0.114768 0.091139
1 0.318565 0.508228 0.113080 0.084810
1 0.563291 0.575404 0.102954 0.074858
1 0.646835 0.635967 0.101266 0.075949
1 0.544726 0.646683 0.099578 0.071192