1 0.352321 0.125316 0.119831 0.091139
1 0.343038 0.215190 0.124895 0.096203
1 0.443460 0.158228 0.119831 0.088608
1 0.597890 0.549367 0.138397 0.091139
1 0.521689 0.661494 0.152402 0.107799
1 0.438553 0.765517 0.133646 0.101878
2 0.338819 0.322152 0.163713 0.117722
2 0.624895 0.240506 0.165401 0.126582
2 0.465401 0.492405 0.136709 0.113924
2 0.127242 0.622785 0.164924 0.106329
2 0.684291 0.728156 0.161375 0.129730
0 0.677215 0.343038 0.138397 0.106329
0 0.872996 0.498734 0.148523 0.106329
0 0.843460 0.703165 0.143460 0.105063
0 0.409010 0.619375 0.119777 0.095427
0 0.313502 0.670886 0.129958 0.101266